3007389512
3213342740
3214509521
3213158493
3224739980
3209843568
3114684924
3156401292
3213233133
3232243869
3135068520
3025878677
3052169682
3219325024
3133041884
3125958563
3209742684
3046082569
3212665115
3133169274
3143751592
3223153472
3213869713
3222792438
3133265919
3013933362
3173154505
3135702142
3222504464
3204455884
3219346957
3127401718
3112574827
3124890269
3053154287
3133374052
3106486407
3214619895
3209190459
3218408541
3212852730
3124827113
3122450464
3138829515
3222801054
3224561884
3207660121
3213711885
3223209880
3178095684
3187289598
3166585522
3115649480
3226085759
3204589838
3024338946
3118796289
3125666118
3202953174
3202953174
3212728224
3212685273
3222530071
3232435267
3212073114
3025906050
3123817232
3222557325
3104670876
3132246031
3133532800
3028605117
3204589299
3115059601
3202899380
3124903752
3115795160
3213152178
3045645228
3203270752
3124852673
3227108152
3133976344
3212623800
3115190671
3204626174
3043865861
3213508739
3136221923
3108195645
3133821005
3102952984
3223405668
3224176340
3228382455
3214458773
3153888905
3219503580
3232342343
3114620658
3173531012
3013978317
3222867813
3044788999
3232342068
3143048341
3214690738
3222417979
3148484711
3166363147
3204238361
3222937553
3144073416
3143417316
3124205973
3025874165
3135150469
3046763121
3208209465
3224222154
3223642155
3154255677
3219051026
3142831879
3223656015
3219184026
3224148289
3127335528
3118796226
3208856453
3168675270
3137247599
3202786448
3219128832
3134562745
3134480460
3112800298
3223167072
3133289415
3004698764
3114531817
3224751814
3507461336
3115816774
3114646283
3138863941
3203734251
3044752978
3046272710
3007751540
3046362669
3112533409
3046053735
3127098985
3045885609
3127636874
3115295369
3114970432
3115047556
3204901292
3045704157
3204024090
3128992435
3045628069
3213077692
3003672660
3156413471
3044751514
3219161889
3044408030
3182392162
3115481735
3026063202
3118014215
3125501295
3107544599
3118290640
3214440238
3107853204
3015556998
3166779206
3107523572
3133549552
3208980321
3102165885
3134530213
3134491444
3224219203
3153138971
3007009152
3134457604
3158618239
3128376819
3135296577
3208201686
3142786318
3013203013
3108619426
3219370599
3232518669